true_pixel_count =

        5162       27490      118052       11909       27234       72289


result_pixel_count =

        1771       26954      100837        6488       19337       59344


overall =

   81.9134


a =

   34.3084   98.0502   85.4174   54.4798   71.0032   82.0927