% CIE lookup table
% Wavelength range 400 - 1000 nm and 204 bands
cie_lut_val = [ 400 0.01431 0.00039 0.06785;
                403 0.01878 0.00052 0.08915;
                406 0.02621 0.00072 0.12461;
                409 0.03847 0.00107 0.18325;
                412 0.05502 0.00153 0.26261;
                415 0.07763 0.00218 0.37130;
                418 0.10841 0.00312 0.51969;
                421 0.14936 0.00455 0.71848;
                424 0.19861 0.00655 0.95944;
                427 0.24488 0.00891 1.18850;
                430 0.28390 0.01160 1.38560;
                433 0.31379 0.01463 1.54219;
                436 0.33435 0.01801 1.65640;
                439 0.34613 0.02172 1.73038;
                442 0.35015 0.02561 1.76962;
                445 0.34806 0.02980 1.78260;
                448 0.34181 0.03452 1.77920;
                451 0.33320 0.03947 1.76826;
                454 0.32289 0.04584 1.75247;
                457 0.30888 0.05257 1.72086; 
                460 0.29080 0.06000 1.66920;
                463 0.26892 0.06804 1.59602;
                466 0.24085 0.07702 1.48611;
                469 0.20681 0.08723 1.33874;
                472 0.17333 0.09905 1.18782;
                475 0.14210 0.11260 1.04190;
                478 0.11328 0.12799 0.90145;
                481 0.08730 0.14468 0.77052;
                484 0.06458 0.16272 0.65210;
                487 0.04628 0.18356 0.55042;
                490 0.03201 0.20802 0.46518;
                493 0.02069 0.23686 0.39388;
                496 0.01216 0.27018 0.33486;
                499 0.00630 0.30858 0.28617;
                502 0.00295 0.35469 0.24648; 
                505 0.00240 0.40730 0.21230;
                508 0.00517 0.46339 0.17923;
                511 0.01215 0.52357 0.14814;
                514 0.02399 0.58697 0.12008;
                517 0.04112 0.65031 0.09667;
                521 0.07164 0.72819 0.07321;
                524 0.09946 0.77784 0.06079;
                527 0.13111 0.82250 0.05075;
                530 0.16550 0.86200 0.04216;
                533 0.20117 0.89549 0.03446;
                536 0.23832 0.92373 0.02771;
                539 0.27710 0.94723 0.02199;
                542 0.31757 0.96601 0.01724;
                545 0.35970 0.98030 0.01340;
                548 0.40338 0.99031 0.01038;
                551 0.44880 0.99671 0.00804;
                554 0.49597 0.99975 0.00624;
                557 0.54469 0.99930 0.00490;
                560 0.59450 0.99500 0.00390;
                563 0.64476 0.98644 0.00314;
                566 0.69524 0.97408 0.00259;
                569 0.74552 0.95813 0.00220;
                572 0.79483 0.93850 0.00195;
                575 0.84250 0.91540 0.00180;
                578 0.88789 0.88920 0.00171;
                581 0.92980 0.85986 0.00161;
                584 0.96722 0.82758 0.00146;
                587 0.99955 0.79308 0.00127;
                590 1.02630 0.75700 0.00110;
                593 1.04718 0.72000 0.00104;
                596 1.05980 0.68222 0.00097;
                599 1.06291 0.64384 0.00084;
                602 1.05844 0.60531 0.00072;
                605 1.04560 0.56680 0.00060;
                608 1.02267 0.52835 0.00044;
                611 0.99138 0.49047 0.00031;
                614 0.95285 0.45340 0.00025;
                617 0.90724 0.41704 0.00022;
                620 0.85445 0.38100 0.00019;
                623 0.79419 0.34478 0.00014;
                626 0.72958 0.30934 0.00009;
                629 0.66381 0.27562 0.00006;
                632 0.60111 0.24489 0.00004;
                635 0.54190 0.21700 0.00003;
                638 0.48474 0.19116 0.00002;
                641 0.42986 0.16722 0.00002;
                644 0.37753 0.14513 0.00001;
                647 0.32851 0.12502 0.00001;
                650 0.28350 0.10700 0.00000;
                653 0.24319 0.09112 0.00000;
                656 0.20710 0.07712 0.00000;
                659 0.17483 0.06477 0.00000;
                662 0.14623 0.05396 0.00000;
                665 0.12120 0.04458 0.00000;
                668 0.09969 0.03656 0.00000;
                671 0.08190 0.02996 0.00000;
                674 0.06769 0.02471 0.00000;
                677 0.05628 0.02050 0.00000;
                680 0.04677 0.01700 0.00000;
                683 0.03807 0.01381 0.00000;
                686 0.03056 0.01107 0.00000;
                689 0.02445 0.00885 0.00000;
                692 0.01960 0.00708 0.00000;
                695 0.01584 0.00572 0.00000;
                698 0.01295 0.00467 0.00000;
                701 0.01063 0.00384 0.00000;
                704 0.00868 0.00313 0.00000;
                707 0.00709 0.00256 0.00000;
                710 0.00579 0.00209 0.00000;
                713 0.00472 0.00170 0.00000;
                716 0.00383 0.00138 0.00000;
                719 0.00311 0.00112 0.00000;
                722 0.00252 0.00091 0.00000;
                725 0.00205 0.00105 0.00000;
                728 0.00166 0.00060 0.00000;
                731 0.00134 0.00048 0.00000;
                734 0.00108 0.00039 0.00000;
                737 0.00086 0.00031 0.00000;
                740 0.00069 0.00025 0.00000;
                743 0.00055 0.00020 0.00000;
                746 0.00044 0.00016 0.00000;
                749 0.00036 0.00013 0.00000;
                752 0.00029 0.00011 0.00000;
                755 0.00023 0.00008 0.00000;
                758 0.00019 0.00007 0.00000;
                761 0.00016 0.00006 0.00000;
                764 0.00013 0.00005 0.00000;
                767 0.00010 0.00004 0.00000;
                770 0.00008 0.00003 0.00000;
                773 0.00007 0.00002 0.00000;
                776 0.00005 0.00002 0.00000;
                779 0.00004 0.00002 0.00000;
                782 0.00004 0.00001 0.00000;
                785 0.00003 0.00001 0.00000;
                788 0.00002 0.00001 0.00000;
                791 0.00002 0.00001 0.00000;
                794 0.00002 0.00001 0.00000;
                797 0.00001 0.00000 0.00000;
                800 0.00001 0.00000 0.00000;
                803 0.00001 0.00000 0.00000;
                806 0.00001 0.00000 0.00000;
                809 0.00001 0.00000 0.00000;
                812 0.00000 0.00000 0.00000];