function [Rgb_pixels, Hsi_pixels] = ManifoldAlignmentPixelPairs()

        Hsi_pixels = [25, 25;           % 1
                      150, 30;
                      30, 480;
                      35, 270;
                      160, 270;         % 5
                      165, 185;
                      160, 370;
                      180, 480;
                      220, 240;
                      320, 240;         % 10
                      100, 115;
                      495, 300;
                      495, 495;
                      332, 380;
                      130, 430;         % 15
                      336, 145;
                      336, 115;
                      120, 30;
                      500, 12;
                      30, 400;          % 20
                      45, 170;
                      90, 95;
                      55, 85;
                      75, 215;
                      415, 240;
                      415, 290];                 

        Rgb_pixels = [35, 35;           % 1
                      180, 35;
                      35, 620;
                      35, 292;
                      180, 292;         % 5
                      180, 180;
                      180, 392;
                      210, 620;
                      230, 250;
                      390, 250;         % 10
                      140, 95;
                      630, 330;
                      630, 630;
                      400, 430;
                      170, 520;         % 15
                      410, 150;
                      410, 110;
                      150, 30;
                      635, 15;
                      35, 450;          % 20
                      35, 145;
                      120, 85;
                      80, 80;
                      80, 210;
                      520, 250;
                      520, 310];  
end